JOINT
JOINT 0000      0.     0.     0.-78.000
*                                                                                                                       
JOINT 0001      4.    -2.     0.              -48.000
JOINT 0002      1.     0.     0. 45.600
JOINT 0003      7.    -2.     0. 60.000       -48.000
JOINT 0004      9.     0.     1. 81.600        73.000
JOINT 0005      0.    -2.     0. 94.000-12.000-44.000
JOINT 0007      1.    -2.     0. 25.000-12.000-44.000
JOINT 0008      4.     2.     0.              -48.000
JOINT 0009      3.    -2.     0. 25.000-12.000-44.000
JOINT 0010      7.     2.     0. 60.000       -48.000
JOINT 0011      3.    -2.     0. 56.000-12.000-44.000
JOINT 0012      0.     2.     0. 94.000 12.000-44.000
JOINT 0013      8.    -2.     0.  4.000-12.000-44.000
JOINT 0014      1.     2.     0. 25.000 12.000-44.000
JOINT 0015      8.    -2.     0. 35.000-12.000-44.000
JOINT 0016      3.     2.     0. 25.000 12.000-44.000
JOINT 0017     10.    -2.     0. 35.000-12.000-44.000
JOINT 0018      3.     2.     0. 56.000 12.000-44.000
JOINT 0019     10.    -2.     0. 66.000-12.000-44.000
JOINT 0020      8.     2.     0.  4.000 12.000-44.000
JOINT 0021      5.    -2.     0. 15.500-63.500-33.500
JOINT 0022      3.    -1.     0. 25.000-35.000
JOINT 0023      8.     2.     0. 35.000 12.000-44.000
JOINT 0024     10.     2.     0. 35.000 12.000-44.000
JOINT 0025      5.    -1.     0. 15.500-60.900-33.500
JOINT 0026     10.     2.     0. 66.000 12.000-44.000
JOINT 0027      6.    -2.     0. 44.600-63.500-33.500
JOINT 0028      1.    -1.     0. 25.000-35.000
JOINT 0029      5.     2.     0. 15.500 63.500-33.500
JOINT 0030      5.     1.     0. 15.500 60.900-33.500
JOINT 0031      6.    -1.     0. 44.600-60.900-33.500
JOINT 0032      6.     2.     0. 44.600 63.500-33.500
JOINT 0033      4.    -3.     0.       -49.500-25.500
JOINT 0034      4.    -2.     0.       -51.000-25.500
JOINT 0035      6.     1.     0. 44.600 60.900-33.500
JOINT 0036      4.     3.     0.        49.500-25.500
JOINT 0037      7.    -3.     0. 60.000-49.500-25.500
JOINT 0038      7.    -2.     0. 60.000-51.000-25.500
JOINT 0039      4.     2.     0.        51.000-25.500
JOINT 0040      7.     3.     0. 60.000 49.500-25.500
JOINT 0041      4.    -2.     0.              -14.300
JOINT 0042      7.     2.     0. 60.000 51.000-25.500
JOINT 0043      7.    -2.     0. 60.000       -14.300
JOINT 0044      4.     2.     0.              -14.300
JOINT 0045      0.    -1.     0.-32.500-35.000
JOINT 0046      7.     2.     0. 60.000       -14.300
JOINT 0047     10.     0.     0. 31.500        79.100
JOINT 0048      0.     0.     0. 15.300
JOINT 0049      0.    -1.     0. 13.500-35.000
JOINT 0050      0.     1.     0.-32.500 35.000
JOINT 0051      0.    -1.     0. 75.000-35.000
JOINT 0052     10.     0.     1. 31.500        15.000
JOINT 0053      0.    -1.     0. 13.500-35.000 80.000
JOINT 0054      0.     1.     0. 75.000 35.000
JOINT 0055      1.    -1.     0. 50.700-35.000
JOINT 0056      1.     1.     0. 50.700 35.000
JOINT 0057      1.    -1.     0. 84.500-35.000
JOINT 0058      1.     1.     0. 84.500 35.000
JOINT 0059      2.     0.     0. 97.800
JOINT 0060      2.    -1.     0. 81.300-35.000
JOINT 0061      2.     1.     0. 81.300 35.000
JOINT 0062      3.     0.     0. 20.000
JOINT 0063      0.    -1.     0. 36.500-35.000 80.000
JOINT 0064      4.     1.     0.        35.000
JOINT 0065      5.     1.     0. 15.500 35.000
JOINT 0066      2.     2.     0. 31.250 12.000-68.000
JOINT 0067      4.    -1.     0.       -35.000
JOINT 0068      6.     1.     0. 44.600 35.000
JOINT 0069      5.    -1.     0. 15.500-35.000
JOINT 0070      7.     1.     0. 60.000 35.000
JOINT 0071      5.    -1.     0. 81.500-35.000
JOINT 0072      5.     1.     0. 81.500 35.000
JOINT 0073      6.    -1.     0. 44.600-35.000
JOINT 0074      9.     0.     0. 31.700 82.800
JOINT 0075      4.    -3.     0.        -0.200-25.600
JOINT 0076     10.     0.     0. 84.600 60.000
JOINT 0077      7.    -1.     0. 60.000-35.000
JOINT 0078      3.    -3.     0. 72.000-49.500-25.500
JOINT 0079      7.    -2.     0. 60.000-99.500-25.500
JOINT 0080     10.     0.     0. 31.500 82.800 79.100
JOINT 0081      8.    -1.     0. 35.000-35.000
JOINT 0082      9.    -1.     0. 75.500-35.000
JOINT 0083      9.     0.     0. 31.700-82.800
JOINT 0084     10.     1.     0. 31.500 18.600 79.100
JOINT 0085     10.    -1.     0.  9.500-35.000
JOINT 0086     10.    -1.     0. 35.000-35.000
JOINT 0087     10.    -1.     0. 96.500-35.000
JOINT 0088     11.    -1.     0. 42.500-35.000
JOINT 0089     10.    -1.     0. 96.500-35.000 80.000
JOINT 0090     10.    -1.     0. 72.500-35.000 80.000
JOINT 0091      1.     2.     0. 25.000 12.000-68.000
JOINT 0092      6.    -2.     0. 44.600-99.724-25.532
JOINT 0093      4.    -3.     0. 28.000-49.500-25.500
JOINT 0094     10.     0.     0. 84.600-60.000
JOINT 0095      3.     2.     0. 25.000 12.000-68.000
JOINT 0096     11.     0.     0. 44.500
JOINT 0097      8.     2.     0. 35.000 12.000-68.000
JOINT 0098      8.     0.     0. 40.000
JOINT 0099     11.     0.     0. 76.000
JOINT 0100     12.     0.     0. 40.000
JOINT 0105      7.    -3.     0. 88.000-49.500-25.500
JOINT 0106     10.     2.     0. 35.000 12.000-68.000
JOINT 0107     10.     0.     0. 31.500-60.000 79.100
JOINT 0108     10.     0.     0. 31.500-82.800 79.100
JOINT 0109      7.    -3.     0. 32.000-49.500-25.500
JOINT 0110      9.     0.     1. 31.700-82.800 97.650
JOINT 0111     10.    -1.     0. 31.500-18.600 79.100
JOINT 0112      2.     2.     0. 31.250 12.000-44.000
JOINT 0113     11.    -1.     0. 31.300-35.000 80.000
JOINT 0114     11.     1.     0. 31.300 35.000 80.000
JOINT 0115      5.    -2.     0. 15.500-99.975-25.568
JOINT 0116      0.     1.     0.-21.800 35.000 80.000
JOINT 0117      0.    -1.     0.-21.800-35.000 80.000
JOINT 0118      9.     2.     0. 35.000 12.000-68.000
JOINT 0119      0.     2.     0. 94.000 12.000-68.000
JOINT 0120      8.     2.     0.  4.000 12.000-68.000
JOINT 0121      3.     2.     0. 56.000 12.000-68.000
JOINT 0122     10.     2.     0. 66.000 12.000-68.000
JOINT 0123      9.     0.     1. 31.700 82.800 97.650
JOINT 0124     10.     0.     0. 85.000
JOINT 0125      5.    -1.     0. 81.500-35.000 55.700
JOINT 0127      9.     0.     0. 81.600        79.100
JOINT 0128      9.     0.     1. 81.600        90.000
JOINT 0129     10.     0.     1. 41.600        90.000
JOINT 0130      9.     0.     1. 49.600        90.000
JOINT 0131      9.     0.     1. 99.600        90.000
JOINT 0132      9.     0.     0. 81.600
JOINT 0133      9.     0.     1. 81.600        34.550
JOINT 0134      1.    -2.     0. 25.000-12.000-68.000
JOINT 0135      3.     3.     0. 72.000 49.500-25.500
JOINT 0136      4.     3.     0.         0.200-25.600
JOINT 0137      9.     0.     1. 31.700        42.300
JOINT 0138      0.     0.     1. 75.000 75.200 49.600
JOINT 0139      9.     0.     1. 81.600        15.000
JOINT 0140     10.     0.     1. 87.000        15.000
JOINT 0141      3.    -2.     0. 25.000-12.000-68.000
JOINT 0142      0.     0.     1. 40.500-52.500 50.000
JOINT 0143      0.     0.     1. 40.500 52.500 50.000
JOINT 0144      0.     0.     1. 40.500 65.000 50.000
JOINT 0145      0.     0.     1. 40.500-65.000 50.000
JOINT 0146      0.     0.     1. 75.000-52.500 50.000
JOINT 0147      0.     0.     1. 75.000 52.500 50.000
JOINT 0148      0.     0.     1. 75.000-75.000 50.000
JOINT 0149      8.    -2.     0. 35.000-12.000-68.000
JOINT 0150     10.    -2.     0. 35.000-12.000-68.000
JOINT 0151      0.     0.     1. 75.000-65.300 74.100
JOINT 0152      0.     0.     1. 75.000 65.300 74.100
JOINT 0153      9.     0.     1. 31.600        90.000
JOINT 0154      7.     2.     0. 60.000 99.500-25.500
JOINT 0155      0.     1.     0. 13.500 35.000
JOINT 0156      1.     1.     0. 25.000 35.000
JOINT 0157      8.     1.     0. 35.000 35.000
JOINT 0158      9.     1.     0. 75.500 35.000
JOINT 0159     10.     1.     0.  9.500 35.000
JOINT 0160     10.     1.     0. 35.000 35.000
JOINT 0161     10.     1.     0. 96.500 35.000
JOINT 0162     11.     1.     0. 42.500 35.000
JOINT 0163      9.     0.     2. 31.700 82.800 35.000
JOINT 0164      0.     1.     0. 13.500 35.000 80.000
JOINT 0165      0.     1.     0. 36.500 35.000 80.000
JOINT 0166     10.     1.     0. 72.500 35.000 80.000
JOINT 0167      9.     0.     2. 31.600        35.000
JOINT 0168      7.     3.     0. 32.000 49.500-25.500
JOINT 0169      8.     0.     0. 62.200
JOINT 0170     10.     1.     0. 96.500 35.000 80.000
JOINT 0171      9.     2.     0. 35.000 12.000-44.000
JOINT 0172     10.     0.     0. 31.500 60.000 79.100
JOINT 0173      3.     1.     0. 25.000 35.000
JOINT 0174      5.     2.     0. 15.500 99.975-25.568
JOINT 0175      2.    -2.     0. 31.250-12.000-44.000
JOINT 0176      9.    -2.     0. 35.000-12.000-44.000
JOINT 0177      6.     2.     0. 44.600 99.724-25.532
JOINT 0180      5.     0.     1. 73.500 41.800  5.650
JOINT 0181      2.    -2.     0. 31.250-12.000-68.000
JOINT 0182      9.    -2.     0. 35.000-12.000-68.000
JOINT 0183      5.     0.     0. 97.000
JOINT 0184      5.     0.     0. 70.000
JOINT 0185      0.    -2.     0. 94.000-12.000-68.000
JOINT 0186      5.     0.     0. 83.500
JOINT 0187      8.    -2.     0.  4.000-12.000-68.000
JOINT 0188      9.     0.     0. 31.700-82.800 79.100
JOINT 0189      3.    -2.     0. 56.000-12.000-68.000
JOINT 0190     10.    -2.     0. 66.000-12.000-68.000
JOINT 0191      9.     1.     0. 31.700 35.000
JOINT 0192      9.     0.     0. 31.700 82.800 79.100
JOINT 0193      9.     0.     1. 31.700 82.800 42.300
JOINT 0194      9.     0.     1. 31.700-82.800 42.300
JOINT 0195      4.     3.     0. 28.000 49.500-25.500
JOINT 0196      9.     0.     2. 31.700-82.800 35.000
JOINT 0197      7.     3.     0. 88.000 49.500-25.500
JOINT 0198      9.     0.     2. 31.700 82.800 55.000
JOINT 0199      9.     0.     2. 31.700-82.800 55.000
JOINT 0200      3.     1.     0. 62.500 35.000
JOINT 0201      3.    -1.     0. 62.500-35.000
JOINT 0202      6.    -1.     0. 76.300-35.000
JOINT 0203      6.     1.     0. 76.300 35.000
JOINT DOW1      2.    -1.     1. 81.300-35.000 20.500
JOINT DOW2      2.     1.     1. 81.300 35.000 20.500
*END BH                                                                                                                 
JOINT EB01      2.     0.     0.  1.500
JOINT EB02      2.     0.     0. 11.500
JOINT EB03      2.     0.     0. 33.900
JOINT EB04      2.     0.     0. 60.900
JOINT EB05      2.     0.     0. 80.000
*FA                                                                                                                     
JOINT FA01      0.     0.     0.-74.200
JOINT FA02      0.     0.     0.-51.800
JOINT FA03      0.     0.     0.-18.900
JOINT FA04      0.     0.     0.
JOINT FA05      0.     0.     0. 16.200
JOINT P001      5.     0.     1. 72.700 49.000 37.100
JOINT P002      5.     0.     1. 72.700 49.000 79.000
JOINT P003      5.     0.     0. 73.500-49.000 64.000
*PIPING                                                                                                                 
JOINT P100      6.     0.     0. 12.300
JOINT P101      6.     0.     0. 30.800
JOINT P102      6.     0.     0. 56.600         3.700
JOINT P103      6.     0.     0. 80.200        14.400
JOINT P104      6.     0.     0. 99.900        31.300
JOINT P105      7.     0.     0. 14.100        53.100
JOINT P106      7.     0.     1. 53.200        36.900
JOINT P107      7.     0.     1. 67.400        58.700
JOINT P108      7.     0.     1. 87.100        75.600
JOINT P109      8.     0.     1. 10.800        86.300
JOINT P110      8.     0.     1. 36.500        90.000
JOINT P111      9.     0.     1.  6.800        90.000
JOINT P200      5.     0.     0. 85.200 22.300 22.300
JOINT P201      5.     0.     0. 85.200 52.300 48.300
JOINT P202      5.     0.     0. 80.100 54.700 50.000
JOINT P203      5.     0.     0.  0.200 55.900 51.800
JOINT P204      4.     0.     0. 95.400 52.100 52.100
JOINT P205      4.     0.     0. 95.900 38.000 54.300
JOINT P206      4.     0.     0. 95.900 34.500 57.000
JOINT P207      4.     0.     0. 95.600 34.700 81.100
JOINT P208      5.     0.     0.  0.500 35.800 84.900
JOINT P209      5.     0.     0. 20.500 40.800 85.600
JOINT P210      5.     0.     0. 25.400 41.800 87.900
JOINT P211      5.     0.     1. 25.100 41.800  0.900
JOINT P212      5.     0.     1. 30.000 41.800  4.100
JOINT P213      5.     0.     1. 40.000 41.800  4.500
JOINT P214      5.     0.     1. 73.500-41.700  5.700
JOINT P215      5.     0.     1. 73.500 56.000  5.700
JOINT P216      6.     0.     1.  7.000 41.800  6.800
JOINT P217      6.     0.     1. 17.000 41.800  7.200
JOINT P218      6.     0.     1. 21.900 42.000 12.400
JOINT P219      6.     0.     1. 21.400 42.500 27.400
JOINT P220      6.     0.     1. 21.200 37.600 32.700
JOINT P221      6.     0.     1. 21.300-36.700 35.300
JOINT P222      6.     0.     1. 16.200-41.800 35.600
JOINT P223      6.     0.     1.  6.200-41.800 36.000
JOINT P224      5.     0.     1. 72.700-56.000 37.100
JOINT P225      5.     0.     1. 72.700 41.700 37.100
JOINT P226      5.     0.     1. 72.700-41.800 37.100
JOINT P227      5.     0.     1. 39.200-41.800 38.300
JOINT P228      5.     0.     1. 29.300-41.800 38.600
JOINT P229      5.     0.     1. 24.300-38.200 42.400
JOINT P230      5.     0.     1. 54.400        74.300
JOINT P231      5.     0.     1. 25.500 -2.900 77.800
JOINT P232      5.     0.     1. 54.300 -0.100 79.000
JOINT P233      5.     0.     1. 30.700  0.500 79.000
JOINT P234      5.     0.     1. 54.400        95.200
JOINT P236      5.     0.     1. 73.500-49.000  5.700
JOINT P237      5.     0.     1. 54.300-49.000 79.000
JOINT P238      5.     0.     1. 54.300 49.000 79.000
JOINT P239      9.    -1.     0. 31.700-35.000
JOINT T002      3.     0.     1. 82.300-49.000 79.000
JOINT T003      3.     0.     1. 94.300-49.000 79.000
JOINT T004      5.     0.     1.  4.300-49.000 79.000
JOINT T005      6.     0.     1. 44.300-49.000 79.000
JOINT T006      6.     0.     1. 57.300-49.000 79.000
JOINT T008      3.     0.     0. 81.300-49.000 64.000
JOINT T009      3.     0.     0. 94.300-49.000 64.000
JOINT T010      4.     0.     0. 14.300-49.000 64.000
JOINT T011      5.     0.     0.  4.300-49.000 64.000
JOINT T012      6.     0.     0. 24.300-49.000 64.000
JOINT T013      6.     0.     0. 44.300-49.000 64.000
JOINT T014      6.     0.     0. 57.300-49.000 64.000
JOINT T015      3.     0.     0. 81.300 49.000 64.000
JOINT T016      3.     0.     0. 94.300 49.000 64.000
JOINT T017      4.     0.     0. 14.300 49.000 64.000
JOINT T018      5.     0.     0.  4.300 49.000 64.000
JOINT T019      6.     0.     0. 24.300 49.000 64.000
JOINT T020      6.     0.     0. 44.300 49.000 64.000
JOINT T021      6.     0.     0. 57.300 49.000 64.000
JOINT T02A      3.     0.     1. 82.300 49.000 79.000
JOINT T030      3.     0.     1. 94.300 49.000 79.000
JOINT T03A      5.     0.     1.  4.300 49.000 79.000
JOINT T040      6.     0.     1. 44.300 49.000 79.000
JOINT T041      6.     0.     1. 57.300 49.000 79.000
JOINT UP02      8.     0.     2. 66.700 82.800 62.650
JOINT V001      3.     0.     0. 79.300
JOINT V002      5.     0.     0. 55.300
JOINT V005      4.     0.     0. 19.300
JOINT V006      5.     0.     0. 15.300
JOINT V007      4.     0.     0. 60.300
JOINT V008      4.     0.     1. 60.300        86.400
JOINT Y004      2.     0.     1. 47.088        57.940
JOINT 0006      5.    -1.     0. 81.500-35.000 27.850
JOINT 0101      5.    -1.     0. 52.500-35.000  3.925
JOINT 0205      5.    -1.     0. 52.500-35.000 28.925
JOINT 0207      6.    -1.     0. 10.500-35.000  3.925
JOINT 0208      6.    -1.     0. 10.500-35.000 28.925
JOINT 0209      5.    -1.     0. 81.500-35.000-29.000
JOINT UP01      8.     0.     2. 66.700-82.800 62.650
JOINT Y001      2.    -1.     1. 47.088-35.000 57.940
JOINT YCO3      2.     0.     1. 47.088-82.800 57.940
JOINT 0210      5.     1.     0. 81.500 35.000 55.700
JOINT 0211      5.     1.     0. 81.500 35.000 27.850
JOINT 0212      5.     1.     0. 52.500 35.000  3.925
JOINT 0213      5.     1.     0. 52.500 35.000 28.925
JOINT 0214      6.     1.     0. 10.500 35.000  3.925
JOINT 0215      6.     1.     0. 10.500 35.000 28.925
JOINT 0216      5.     1.     0. 81.500 35.000-29.000
JOINT Y002      2.     1.     1. 47.088 35.000 57.940
JOINT YC04      2.     0.     1. 47.088 82.800 57.940
JOINT Y003      5.    -1.     0. 59.505-35.000 62.425
JOINT Y005      5.    -1.     0. 37.510-35.000 69.149
JOINT Y007      5.     1.     0. 59.505 35.000 62.425
JOINT Y008      5.     1.     0. 81.500 35.000 78.700
JOINT Y009      5.     1.     0. 37.510 35.000 69.149
JOINT Y010      1.    -1.     1. 89.710-35.000 75.482
JOINT Y011      1.     1.     1. 89.710 35.000 75.482
JOINT 0104      5.    -1.     0. 81.500-49.000 55.700
JOINT 0126      5.    -1.     0. 81.500-20.000 55.700
JOINT 0178      5.     1.     0. 81.500 49.000 55.700
JOINT 0179      5.     1.     0. 81.500 20.000 55.700
JOINT YCO2      2.     1.     1. 87.806 35.000 45.492
JOINT YCO1      2.    -1.     1. 87.806-35.000 45.492
